{
  "nbformat": 4,
  "nbformat_minor": 0,
  "metadata": {
    "colab": {
      "name": "pca.ipynb",
      "version": "0.3.2",
      "provenance": [],
      "include_colab_link": true
    },
    "kernelspec": {
      "name": "python3",
      "display_name": "Python 3"
    }
  },
  "cells": [
    {
      "cell_type": "markdown",
      "metadata": {
        "id": "view-in-github",
        "colab_type": "text"
      },
      "source": [
        "<a href=\"https://colab.research.google.com/github/Kzis/BADS4002/blob/master/pca.ipynb\" target=\"_parent\"><img src=\"https://colab.research.google.com/assets/colab-badge.svg\" alt=\"Open In Colab\"/></a>"
      ]
    },
    {
      "metadata": {
        "id": "OeVCk_pt_xvc",
        "colab_type": "code",
        "colab": {
          "base_uri": "https://localhost:8080/",
          "height": 224
        },
        "outputId": "2a1fdc07-dbb4-4fdc-886c-06b3cc298503"
      },
      "cell_type": "code",
      "source": [
        "import pandas as pd\n",
        "\n",
        "dataset = pd.read_csv('AirBNB_Taipei_listings_clean_missing.csv')\n",
        "\n",
        "dataset.head()"
      ],
      "execution_count": 4,
      "outputs": [
        {
          "output_type": "execute_result",
          "data": {
            "text/html": [
              "<div>\n",
              "<style scoped>\n",
              "    .dataframe tbody tr th:only-of-type {\n",
              "        vertical-align: middle;\n",
              "    }\n",
              "\n",
              "    .dataframe tbody tr th {\n",
              "        vertical-align: top;\n",
              "    }\n",
              "\n",
              "    .dataframe thead th {\n",
              "        text-align: right;\n",
              "    }\n",
              "</style>\n",
              "<table border=\"1\" class=\"dataframe\">\n",
              "  <thead>\n",
              "    <tr style=\"text-align: right;\">\n",
              "      <th></th>\n",
              "      <th>id</th>\n",
              "      <th>accommodates</th>\n",
              "      <th>bathrooms</th>\n",
              "      <th>bedrooms</th>\n",
              "      <th>beds</th>\n",
              "      <th>price</th>\n",
              "      <th>guests_included</th>\n",
              "      <th>extra_people</th>\n",
              "      <th>minimum_nights</th>\n",
              "      <th>maximum_nights</th>\n",
              "      <th>availability_30</th>\n",
              "      <th>availability_60</th>\n",
              "      <th>availability_90</th>\n",
              "      <th>availability_365</th>\n",
              "      <th>number_of_reviews</th>\n",
              "      <th>calculated_host_listings_count</th>\n",
              "    </tr>\n",
              "  </thead>\n",
              "  <tbody>\n",
              "    <tr>\n",
              "      <th>0</th>\n",
              "      <td>68396</td>\n",
              "      <td>2</td>\n",
              "      <td>1.0</td>\n",
              "      <td>1</td>\n",
              "      <td>1</td>\n",
              "      <td>1523</td>\n",
              "      <td>2</td>\n",
              "      <td>0</td>\n",
              "      <td>7</td>\n",
              "      <td>365</td>\n",
              "      <td>0</td>\n",
              "      <td>0</td>\n",
              "      <td>0</td>\n",
              "      <td>238</td>\n",
              "      <td>2</td>\n",
              "      <td>13</td>\n",
              "    </tr>\n",
              "    <tr>\n",
              "      <th>1</th>\n",
              "      <td>68398</td>\n",
              "      <td>2</td>\n",
              "      <td>1.0</td>\n",
              "      <td>1</td>\n",
              "      <td>1</td>\n",
              "      <td>914</td>\n",
              "      <td>1</td>\n",
              "      <td>0</td>\n",
              "      <td>30</td>\n",
              "      <td>365</td>\n",
              "      <td>0</td>\n",
              "      <td>0</td>\n",
              "      <td>11</td>\n",
              "      <td>286</td>\n",
              "      <td>6</td>\n",
              "      <td>13</td>\n",
              "    </tr>\n",
              "    <tr>\n",
              "      <th>2</th>\n",
              "      <td>74641</td>\n",
              "      <td>3</td>\n",
              "      <td>1.0</td>\n",
              "      <td>1</td>\n",
              "      <td>1</td>\n",
              "      <td>1523</td>\n",
              "      <td>1</td>\n",
              "      <td>244</td>\n",
              "      <td>2</td>\n",
              "      <td>365</td>\n",
              "      <td>18</td>\n",
              "      <td>42</td>\n",
              "      <td>56</td>\n",
              "      <td>56</td>\n",
              "      <td>40</td>\n",
              "      <td>4</td>\n",
              "    </tr>\n",
              "    <tr>\n",
              "      <th>3</th>\n",
              "      <td>74643</td>\n",
              "      <td>2</td>\n",
              "      <td>1.0</td>\n",
              "      <td>1</td>\n",
              "      <td>1</td>\n",
              "      <td>1279</td>\n",
              "      <td>1</td>\n",
              "      <td>244</td>\n",
              "      <td>1</td>\n",
              "      <td>365</td>\n",
              "      <td>22</td>\n",
              "      <td>52</td>\n",
              "      <td>82</td>\n",
              "      <td>82</td>\n",
              "      <td>44</td>\n",
              "      <td>4</td>\n",
              "    </tr>\n",
              "    <tr>\n",
              "      <th>4</th>\n",
              "      <td>178036</td>\n",
              "      <td>4</td>\n",
              "      <td>4.0</td>\n",
              "      <td>1</td>\n",
              "      <td>4</td>\n",
              "      <td>396</td>\n",
              "      <td>1</td>\n",
              "      <td>350</td>\n",
              "      <td>1</td>\n",
              "      <td>90</td>\n",
              "      <td>26</td>\n",
              "      <td>54</td>\n",
              "      <td>84</td>\n",
              "      <td>353</td>\n",
              "      <td>47</td>\n",
              "      <td>16</td>\n",
              "    </tr>\n",
              "  </tbody>\n",
              "</table>\n",
              "</div>"
            ],
            "text/plain": [
              "       id  accommodates  bathrooms  bedrooms  beds  price  guests_included  \\\n",
              "0   68396             2        1.0         1     1   1523                2   \n",
              "1   68398             2        1.0         1     1    914                1   \n",
              "2   74641             3        1.0         1     1   1523                1   \n",
              "3   74643             2        1.0         1     1   1279                1   \n",
              "4  178036             4        4.0         1     4    396                1   \n",
              "\n",
              "   extra_people  minimum_nights  maximum_nights  availability_30  \\\n",
              "0             0               7             365                0   \n",
              "1             0              30             365                0   \n",
              "2           244               2             365               18   \n",
              "3           244               1             365               22   \n",
              "4           350               1              90               26   \n",
              "\n",
              "   availability_60  availability_90  availability_365  number_of_reviews  \\\n",
              "0                0                0               238                  2   \n",
              "1                0               11               286                  6   \n",
              "2               42               56                56                 40   \n",
              "3               52               82                82                 44   \n",
              "4               54               84               353                 47   \n",
              "\n",
              "   calculated_host_listings_count  \n",
              "0                              13  \n",
              "1                              13  \n",
              "2                               4  \n",
              "3                               4  \n",
              "4                              16  "
            ]
          },
          "metadata": {
            "tags": []
          },
          "execution_count": 4
        }
      ]
    },
    {
      "metadata": {
        "id": "Hgn7pxhtEsvM",
        "colab_type": "code",
        "colab": {
          "base_uri": "https://localhost:8080/",
          "height": 224
        },
        "outputId": "086ec19c-c31c-4ba9-aa36-210ceb452c78"
      },
      "cell_type": "code",
      "source": [
        "X = dataset.drop('id', 1)\n",
        "\n",
        "X.head()\n"
      ],
      "execution_count": 5,
      "outputs": [
        {
          "output_type": "execute_result",
          "data": {
            "text/html": [
              "<div>\n",
              "<style scoped>\n",
              "    .dataframe tbody tr th:only-of-type {\n",
              "        vertical-align: middle;\n",
              "    }\n",
              "\n",
              "    .dataframe tbody tr th {\n",
              "        vertical-align: top;\n",
              "    }\n",
              "\n",
              "    .dataframe thead th {\n",
              "        text-align: right;\n",
              "    }\n",
              "</style>\n",
              "<table border=\"1\" class=\"dataframe\">\n",
              "  <thead>\n",
              "    <tr style=\"text-align: right;\">\n",
              "      <th></th>\n",
              "      <th>accommodates</th>\n",
              "      <th>bathrooms</th>\n",
              "      <th>bedrooms</th>\n",
              "      <th>beds</th>\n",
              "      <th>price</th>\n",
              "      <th>guests_included</th>\n",
              "      <th>extra_people</th>\n",
              "      <th>minimum_nights</th>\n",
              "      <th>maximum_nights</th>\n",
              "      <th>availability_30</th>\n",
              "      <th>availability_60</th>\n",
              "      <th>availability_90</th>\n",
              "      <th>availability_365</th>\n",
              "      <th>number_of_reviews</th>\n",
              "      <th>calculated_host_listings_count</th>\n",
              "    </tr>\n",
              "  </thead>\n",
              "  <tbody>\n",
              "    <tr>\n",
              "      <th>0</th>\n",
              "      <td>2</td>\n",
              "      <td>1.0</td>\n",
              "      <td>1</td>\n",
              "      <td>1</td>\n",
              "      <td>1523</td>\n",
              "      <td>2</td>\n",
              "      <td>0</td>\n",
              "      <td>7</td>\n",
              "      <td>365</td>\n",
              "      <td>0</td>\n",
              "      <td>0</td>\n",
              "      <td>0</td>\n",
              "      <td>238</td>\n",
              "      <td>2</td>\n",
              "      <td>13</td>\n",
              "    </tr>\n",
              "    <tr>\n",
              "      <th>1</th>\n",
              "      <td>2</td>\n",
              "      <td>1.0</td>\n",
              "      <td>1</td>\n",
              "      <td>1</td>\n",
              "      <td>914</td>\n",
              "      <td>1</td>\n",
              "      <td>0</td>\n",
              "      <td>30</td>\n",
              "      <td>365</td>\n",
              "      <td>0</td>\n",
              "      <td>0</td>\n",
              "      <td>11</td>\n",
              "      <td>286</td>\n",
              "      <td>6</td>\n",
              "      <td>13</td>\n",
              "    </tr>\n",
              "    <tr>\n",
              "      <th>2</th>\n",
              "      <td>3</td>\n",
              "      <td>1.0</td>\n",
              "      <td>1</td>\n",
              "      <td>1</td>\n",
              "      <td>1523</td>\n",
              "      <td>1</td>\n",
              "      <td>244</td>\n",
              "      <td>2</td>\n",
              "      <td>365</td>\n",
              "      <td>18</td>\n",
              "      <td>42</td>\n",
              "      <td>56</td>\n",
              "      <td>56</td>\n",
              "      <td>40</td>\n",
              "      <td>4</td>\n",
              "    </tr>\n",
              "    <tr>\n",
              "      <th>3</th>\n",
              "      <td>2</td>\n",
              "      <td>1.0</td>\n",
              "      <td>1</td>\n",
              "      <td>1</td>\n",
              "      <td>1279</td>\n",
              "      <td>1</td>\n",
              "      <td>244</td>\n",
              "      <td>1</td>\n",
              "      <td>365</td>\n",
              "      <td>22</td>\n",
              "      <td>52</td>\n",
              "      <td>82</td>\n",
              "      <td>82</td>\n",
              "      <td>44</td>\n",
              "      <td>4</td>\n",
              "    </tr>\n",
              "    <tr>\n",
              "      <th>4</th>\n",
              "      <td>4</td>\n",
              "      <td>4.0</td>\n",
              "      <td>1</td>\n",
              "      <td>4</td>\n",
              "      <td>396</td>\n",
              "      <td>1</td>\n",
              "      <td>350</td>\n",
              "      <td>1</td>\n",
              "      <td>90</td>\n",
              "      <td>26</td>\n",
              "      <td>54</td>\n",
              "      <td>84</td>\n",
              "      <td>353</td>\n",
              "      <td>47</td>\n",
              "      <td>16</td>\n",
              "    </tr>\n",
              "  </tbody>\n",
              "</table>\n",
              "</div>"
            ],
            "text/plain": [
              "   accommodates  bathrooms  bedrooms  beds  price  guests_included  \\\n",
              "0             2        1.0         1     1   1523                2   \n",
              "1             2        1.0         1     1    914                1   \n",
              "2             3        1.0         1     1   1523                1   \n",
              "3             2        1.0         1     1   1279                1   \n",
              "4             4        4.0         1     4    396                1   \n",
              "\n",
              "   extra_people  minimum_nights  maximum_nights  availability_30  \\\n",
              "0             0               7             365                0   \n",
              "1             0              30             365                0   \n",
              "2           244               2             365               18   \n",
              "3           244               1             365               22   \n",
              "4           350               1              90               26   \n",
              "\n",
              "   availability_60  availability_90  availability_365  number_of_reviews  \\\n",
              "0                0                0               238                  2   \n",
              "1                0               11               286                  6   \n",
              "2               42               56                56                 40   \n",
              "3               52               82                82                 44   \n",
              "4               54               84               353                 47   \n",
              "\n",
              "   calculated_host_listings_count  \n",
              "0                              13  \n",
              "1                              13  \n",
              "2                               4  \n",
              "3                               4  \n",
              "4                              16  "
            ]
          },
          "metadata": {
            "tags": []
          },
          "execution_count": 5
        }
      ]
    },
    {
      "metadata": {
        "id": "iy4ELkavFdRF",
        "colab_type": "code",
        "colab": {
          "base_uri": "https://localhost:8080/",
          "height": 238
        },
        "outputId": "c13e1f61-2d36-4920-db63-ca5592c8eb55"
      },
      "cell_type": "code",
      "source": [
        "from sklearn.preprocessing import StandardScaler\n",
        "\n",
        "sc = StandardScaler()  \n",
        "X_train = sc.fit_transform(dataset)  \n",
        "\n",
        "X_train"
      ],
      "execution_count": 15,
      "outputs": [
        {
          "output_type": "execute_result",
          "data": {
            "text/plain": [
              "array([[-2.30431635, -0.62531604, -0.34117854, ...,  0.39342733,\n",
              "        -0.60312427,  0.22604454],\n",
              "       [-2.30431609, -0.62531604, -0.34117854, ...,  0.76652263,\n",
              "        -0.51287398,  0.22604454],\n",
              "       [-2.30349026, -0.28842068, -0.34117854, ..., -1.0212257 ,\n",
              "         0.25425351, -0.47862181],\n",
              "       ...,\n",
              "       [ 1.50986531, -0.28842068, -0.34117854, ..., -0.82690523,\n",
              "        -0.64824942, -0.63521433],\n",
              "       [ 1.50996915,  0.04847469, -0.34117854, ..., -0.11180589,\n",
              "        -0.64824942, -0.24373302],\n",
              "       [ 1.51077249, -0.62531604, -0.34117854, ...,  1.36502968,\n",
              "        -0.64824942, -0.71351059]])"
            ]
          },
          "metadata": {
            "tags": []
          },
          "execution_count": 15
        }
      ]
    },
    {
      "metadata": {
        "id": "-ozTitR2GL4d",
        "colab_type": "code",
        "colab": {
          "base_uri": "https://localhost:8080/",
          "height": 1122
        },
        "outputId": "2072fbea-64ea-4bfe-8288-4bc7506f3984"
      },
      "cell_type": "code",
      "source": [
        "import numpy as np\n",
        "cov_mat = np.cov(X_train.T) \n",
        "print('NumPy covariance matrix: \\n%s' %cov_mat_numpy)"
      ],
      "execution_count": 16,
      "outputs": [
        {
          "output_type": "stream",
          "text": [
            "NumPy covariance matrix: \n",
            "[[ 1.00011086e+00  7.47045756e-03 -6.17139712e-02 -1.17823591e-02\n",
            "  -2.71405273e-02 -6.64477680e-03  5.59307323e-02 -3.18866038e-02\n",
            "  -3.49255924e-02 -1.08304448e-02 -1.40966226e-02  1.35984694e-03\n",
            "   1.18110128e-02 -9.47866898e-02 -4.03904048e-01 -4.10490329e-02]\n",
            " [ 7.47045756e-03  1.00011086e+00  4.25179493e-01  5.46096704e-01\n",
            "   6.90804075e-01  6.14689857e-02  5.63340051e-01  2.15591577e-01\n",
            "  -3.75173849e-02  2.88390161e-02  6.78172126e-02  5.77936173e-02\n",
            "   5.63903519e-02  1.09898334e-01  3.42839541e-02  3.17193270e-02]\n",
            " [-6.17139712e-02  4.25179493e-01  1.00011086e+00  3.07355102e-01\n",
            "   5.74314982e-01  5.20121092e-03  1.15689165e-01  5.16304208e-02\n",
            "  -1.96351746e-02  5.90997012e-02  1.62891161e-01  1.36341791e-01\n",
            "   1.23559374e-01  1.35560018e-01 -9.95116187e-02  1.57096128e-01]\n",
            " [-1.17823591e-02  5.46096704e-01  3.07355102e-01  1.00011086e+00\n",
            "   4.25297772e-01  6.79719789e-02  4.19390647e-01  1.03075217e-01\n",
            "  -5.54617277e-03  4.15960351e-02 -1.37575640e-02 -2.77019648e-02\n",
            "  -2.96807596e-02  3.83217406e-02 -1.16724041e-02 -2.46929227e-03]\n",
            " [-2.71405273e-02  6.90804075e-01  5.74314982e-01  4.25297772e-01\n",
            "   1.00011086e+00  1.87246139e-02  3.25660734e-01  1.20117312e-01\n",
            "  -2.59491965e-02  4.23559616e-02  1.57735200e-01  1.30844481e-01\n",
            "   1.20964538e-01  1.31029620e-01 -4.50231503e-02  1.70593822e-01]\n",
            " [-6.64477680e-03  6.14689857e-02  5.20121092e-03  6.79719789e-02\n",
            "   1.87246139e-02  1.00011086e+00  3.97526182e-02  7.33240090e-02\n",
            "   8.18164436e-03 -2.74307336e-03  1.26372405e-02  2.35973303e-03\n",
            "  -2.25267215e-03  1.62707527e-02 -2.92075947e-02 -2.06406581e-02]\n",
            " [ 5.59307323e-02  5.63340051e-01  1.15689165e-01  4.19390647e-01\n",
            "   3.25660734e-01  3.97526182e-02  1.00011086e+00  2.19466906e-01\n",
            "  -4.45887212e-02  6.67930317e-04 -3.41877987e-02 -2.56291672e-02\n",
            "  -2.23574786e-02  3.51081557e-02  6.98207438e-02  5.07844138e-03]\n",
            " [-3.18866038e-02  2.15591577e-01  5.16304208e-02  1.03075217e-01\n",
            "   1.20117312e-01  7.33240090e-02  2.19466906e-01  1.00011086e+00\n",
            "  -2.48108231e-02 -1.08571203e-02  3.18120382e-03 -4.55179016e-03\n",
            "  -3.89872513e-03  4.04569303e-03  9.14269786e-03 -7.44224524e-02]\n",
            " [-3.49255924e-02 -3.75173849e-02 -1.96351746e-02 -5.54617277e-03\n",
            "  -2.59491965e-02  8.18164436e-03 -4.45887212e-02 -2.48108231e-02\n",
            "   1.00011086e+00  1.18012065e-02  2.18947342e-02  1.28028861e-02\n",
            "   1.23387517e-02  5.12138524e-02 -4.79351903e-02 -7.70107202e-03]\n",
            " [-1.08304448e-02  2.88390161e-02  5.90997012e-02  4.15960351e-02\n",
            "   4.23559616e-02 -2.74307336e-03  6.67930317e-04 -1.08571203e-02\n",
            "   1.18012065e-02  1.00011086e+00  2.71225887e-02  3.01102110e-02\n",
            "   3.02935675e-02  1.35822776e-01 -1.56253333e-02  1.38402388e-01]\n",
            " [-1.40966226e-02  6.78172126e-02  1.62891161e-01 -1.37575640e-02\n",
            "   1.57735200e-01  1.26372405e-02 -3.41877987e-02  3.18120382e-03\n",
            "   2.18947342e-02  2.71225887e-02  1.00011086e+00  9.39445933e-01\n",
            "   8.86313978e-01  4.75760605e-01 -1.98195863e-01  1.50099711e-01]\n",
            " [ 1.35984694e-03  5.77936173e-02  1.36341791e-01 -2.77019648e-02\n",
            "   1.30844481e-01  2.35973303e-03 -2.56291672e-02 -4.55179016e-03\n",
            "   1.28028861e-02  3.01102110e-02  9.39445933e-01  1.00011086e+00\n",
            "   9.73597940e-01  5.10739661e-01 -1.37808212e-01  1.42758845e-01]\n",
            " [ 1.18110128e-02  5.63903519e-02  1.23559374e-01 -2.96807596e-02\n",
            "   1.20964538e-01 -2.25267215e-03 -2.23574786e-02 -3.89872513e-03\n",
            "   1.23387517e-02  3.02935675e-02  8.86313978e-01  9.73597940e-01\n",
            "   1.00011086e+00  5.26465291e-01 -9.93770768e-02  1.38721079e-01]\n",
            " [-9.47866898e-02  1.09898334e-01  1.35560018e-01  3.83217406e-02\n",
            "   1.31029620e-01  1.62707527e-02  3.51081557e-02  4.04569303e-03\n",
            "   5.12138524e-02  1.35822776e-01  4.75760605e-01  5.10739661e-01\n",
            "   5.26465291e-01  1.00011086e+00 -2.43252477e-02  1.68200741e-01]\n",
            " [-4.03904048e-01  3.42839541e-02 -9.95116187e-02 -1.16724041e-02\n",
            "  -4.50231503e-02 -2.92075947e-02  6.98207438e-02  9.14269786e-03\n",
            "  -4.79351903e-02 -1.56253333e-02 -1.98195863e-01 -1.37808212e-01\n",
            "  -9.93770768e-02 -2.43252477e-02  1.00011086e+00 -1.13466768e-01]\n",
            " [-4.10490329e-02  3.17193270e-02  1.57096128e-01 -2.46929227e-03\n",
            "   1.70593822e-01 -2.06406581e-02  5.07844138e-03 -7.44224524e-02\n",
            "  -7.70107202e-03  1.38402388e-01  1.50099711e-01  1.42758845e-01\n",
            "   1.38721079e-01  1.68200741e-01 -1.13466768e-01  1.00011086e+00]]\n"
          ],
          "name": "stdout"
        }
      ]
    },
    {
      "metadata": {
        "id": "BQD2kld-G0FW",
        "colab_type": "code",
        "colab": {
          "base_uri": "https://localhost:8080/",
          "height": 1207
        },
        "outputId": "36d8ebc9-62d4-43f4-f35c-276b196cbe9d"
      },
      "cell_type": "code",
      "source": [
        "eig_vals, eig_vecs = np.linalg.eig(cov_mat)\n",
        "\n",
        "print('Eigenvectors \\n%s' %eig_vecs)\n",
        "print('\\nEigenvalues \\n%s' %eig_vals)"
      ],
      "execution_count": 17,
      "outputs": [
        {
          "output_type": "stream",
          "text": [
            "Eigenvectors \n",
            "[[-6.54233724e-03  1.54190750e-02  6.95096749e-01 -5.67802119e-03\n",
            "   7.42792780e-02  1.60745987e-01 -2.77562668e-02 -8.28324000e-02\n",
            "   4.57289424e-01 -3.06656957e-02 -1.08551298e-01 -1.66532181e-01\n",
            "  -1.52904688e-01  1.74210520e-02  4.49409420e-01 -4.81342157e-02]\n",
            " [ 2.24460742e-01 -4.71647955e-01 -7.36213526e-03 -5.38344539e-04\n",
            "   3.23895427e-03  7.56429973e-02  7.45787075e-01  3.36623698e-01\n",
            "  -1.02669282e-01 -3.09868693e-02  2.13178151e-02 -5.50437139e-02\n",
            "  -7.63118706e-02  1.67940095e-02  1.74121926e-01  2.13412658e-02]\n",
            " [ 2.35163875e-01 -2.79112983e-01  4.98430559e-02  7.39187769e-05\n",
            "  -5.09298569e-03 -3.19017379e-01  9.28739842e-02 -6.53944305e-01\n",
            "   1.79680111e-02 -1.49277891e-01  1.86329174e-01  2.70948403e-01\n",
            "   2.04610496e-01 -3.62675908e-01  1.28704175e-01 -7.44340754e-02]\n",
            " [ 1.38594258e-01 -4.07782786e-01  2.26097564e-02 -1.62511052e-03\n",
            "   7.86763574e-04  4.65763495e-02 -9.90379770e-02 -3.22333687e-02\n",
            "   5.05435677e-01  4.36427874e-02  7.29214462e-02 -6.95486142e-02\n",
            "  -2.94661222e-01 -1.02863006e-02 -6.68155758e-01 -9.26709463e-03]\n",
            " [ 2.64811547e-01 -3.97180455e-01  3.22897921e-02 -3.85273562e-03\n",
            "  -3.24284801e-02 -1.71697006e-01 -5.97990865e-01  4.99479132e-01\n",
            "  -6.46298300e-02 -1.22041118e-01  1.15208721e-01  1.19963053e-01\n",
            "   8.39162287e-02 -9.80344557e-02  2.57866721e-01  5.98159128e-02]\n",
            " [ 1.95735926e-02 -4.99254895e-02  1.97534882e-02 -1.90437076e-05\n",
            "  -8.27838640e-03  2.14661159e-01 -2.04330938e-02 -1.96059707e-02\n",
            "  -4.90791337e-03  6.12976612e-01 -8.34577953e-02  7.08641057e-01\n",
            "  -2.26153487e-01  3.15849090e-02  1.06304853e-01  3.79311970e-02]\n",
            " [ 1.11423020e-01 -3.80642219e-01 -1.20001224e-02  5.07654807e-03\n",
            "   4.95924901e-03  2.73809522e-01 -2.36199394e-01 -4.29686235e-01\n",
            "  -4.52021662e-01  5.16687274e-02 -1.53424478e-01 -2.93541122e-01\n",
            "  -1.95176360e-01  4.00379988e-01  8.40178178e-02  7.03870279e-02]\n",
            " [ 4.80092176e-02 -1.71249441e-01 -6.61574302e-02 -2.97882266e-03\n",
            "  -1.39377922e-03  4.09208698e-01 -3.19971029e-02 -5.90098509e-03\n",
            "   1.95303531e-01  2.46832679e-01 -2.29964054e-01 -1.12032848e-01\n",
            "   7.89678228e-01 -6.49069002e-02 -5.06968633e-02 -2.43162567e-02]\n",
            " [ 6.80469194e-03  4.39493138e-02 -1.66204722e-03 -2.34560073e-03\n",
            "  -2.93915492e-03 -7.85747290e-02  2.98510909e-03 -2.78401971e-02\n",
            "   4.20919591e-02  5.06224197e-01  7.66727470e-01 -3.24028409e-01\n",
            "   7.70341572e-02  9.87385160e-02  1.15314103e-01  1.05670635e-01]\n",
            " [ 5.84627393e-02 -1.29799772e-02 -1.65926562e-02  1.99263013e-03\n",
            "  -1.61520259e-03 -4.21529496e-01 -6.55168403e-03  9.69242423e-03\n",
            "  -6.45599159e-02  4.63323234e-01 -4.66316438e-01 -3.69042451e-01\n",
            "  -1.33261328e-01 -4.24164637e-01  2.18173380e-02  2.18352420e-01]\n",
            " [ 4.59875369e-01  2.32683432e-01  2.46068355e-03  2.65172173e-01\n",
            "   7.68985207e-01  1.11386280e-01 -3.48700418e-03  8.44215179e-03\n",
            "  -4.91920870e-02 -4.29367453e-02  2.46303815e-02  2.13310753e-02\n",
            "   1.73449288e-03 -3.39574892e-02 -8.12027373e-02  2.17133709e-01]\n",
            " [ 4.67969257e-01  2.50936949e-01 -2.95829438e-02 -7.91287809e-01\n",
            "  -1.62094730e-01  1.34636517e-01  1.01107118e-02 -2.47386348e-02\n",
            "   2.54360829e-02 -5.24336518e-02 -2.00090053e-05 -1.15182673e-02\n",
            "  -3.70037382e-02 -1.63124885e-02 -1.54747807e-02  2.01256451e-01]\n",
            " [ 4.59428000e-01  2.49070773e-01 -4.63972489e-02  5.50703127e-01\n",
            "  -6.00472408e-01  1.38492746e-01  1.32413690e-02 -3.31948203e-02\n",
            "   7.72084656e-02 -5.13068991e-02 -9.58250472e-03 -2.87133119e-02\n",
            "  -5.18217862e-02 -5.45870776e-03  2.65985679e-02  1.65848841e-01]\n",
            " [ 3.37249967e-01  1.15379475e-01 -1.65257226e-01 -1.21743784e-02\n",
            "   5.24718522e-02 -6.83072973e-02 -3.96745594e-02  3.57742561e-02\n",
            "   2.29273909e-02  1.66561806e-01 -6.73183877e-02 -1.22212660e-01\n",
            "  -8.73375285e-02  5.67186699e-02  7.68473831e-02 -8.77913577e-01]\n",
            " [-9.92712874e-02 -6.34112748e-02 -6.87797221e-01 -5.22789408e-03\n",
            "   1.11061043e-01  5.43026703e-02 -3.81854548e-02 -1.11625464e-01\n",
            "   4.74605103e-01 -9.29533213e-02 -5.79702557e-02 -5.54114110e-02\n",
            "  -1.72165924e-01  4.96382450e-02  4.35308779e-01  1.48020513e-01]\n",
            " [ 1.45687024e-01  8.90206889e-03  6.44218992e-02 -1.92465871e-03\n",
            "   4.43899905e-03 -5.52562056e-01  7.99926378e-02 -1.47658163e-02\n",
            "   1.92732420e-01  7.16986417e-02 -1.92749705e-01  1.22885741e-01\n",
            "   2.39193521e-01  7.04169398e-01 -2.40267425e-02  1.19981563e-01]]\n",
            "\n",
            "Eigenvalues \n",
            "[3.48041703 2.7322239  1.41368205 0.01572615 0.10537642 1.24886214\n",
            " 0.23387157 0.41331763 0.47863718 1.04027853 1.00472246 0.96134557\n",
            " 0.87279395 0.81352915 0.58822447 0.59876566]\n"
          ],
          "name": "stdout"
        }
      ]
    },
    {
      "metadata": {
        "id": "ibk8mQSqHhMF",
        "colab_type": "code",
        "colab": {
          "base_uri": "https://localhost:8080/",
          "height": 1207
        },
        "outputId": "bd05cbcc-110c-4861-f961-83868cd46791"
      },
      "cell_type": "code",
      "source": [
        "cor_mat = np.corrcoef(X_train.T)\n",
        "\n",
        "eig_vals, eig_vecs = np.linalg.eig(cor_mat)\n",
        "\n",
        "print('Eigenvectors \\n%s' %eig_vecs)\n",
        "print('\\nEigenvalues \\n%s' %eig_vals)"
      ],
      "execution_count": 18,
      "outputs": [
        {
          "output_type": "stream",
          "text": [
            "Eigenvectors \n",
            "[[-6.54233724e-03  1.54190750e-02  6.95096749e-01 -5.67802119e-03\n",
            "   7.42792780e-02 -1.60745987e-01 -2.77562668e-02 -8.28324000e-02\n",
            "   4.57289424e-01 -3.06656957e-02 -1.08551298e-01 -1.66532181e-01\n",
            "  -1.52904688e-01  1.74210520e-02  4.49409420e-01 -4.81342157e-02]\n",
            " [ 2.24460742e-01 -4.71647955e-01 -7.36213526e-03 -5.38344539e-04\n",
            "   3.23895427e-03 -7.56429973e-02  7.45787075e-01  3.36623698e-01\n",
            "  -1.02669282e-01 -3.09868693e-02  2.13178151e-02 -5.50437139e-02\n",
            "  -7.63118706e-02  1.67940095e-02  1.74121926e-01  2.13412658e-02]\n",
            " [ 2.35163875e-01 -2.79112983e-01  4.98430559e-02  7.39187769e-05\n",
            "  -5.09298569e-03  3.19017379e-01  9.28739842e-02 -6.53944305e-01\n",
            "   1.79680111e-02 -1.49277891e-01  1.86329174e-01  2.70948403e-01\n",
            "   2.04610496e-01 -3.62675908e-01  1.28704175e-01 -7.44340754e-02]\n",
            " [ 1.38594258e-01 -4.07782786e-01  2.26097564e-02 -1.62511052e-03\n",
            "   7.86763574e-04 -4.65763495e-02 -9.90379770e-02 -3.22333687e-02\n",
            "   5.05435677e-01  4.36427874e-02  7.29214462e-02 -6.95486142e-02\n",
            "  -2.94661222e-01 -1.02863006e-02 -6.68155758e-01 -9.26709463e-03]\n",
            " [ 2.64811547e-01 -3.97180455e-01  3.22897921e-02 -3.85273562e-03\n",
            "  -3.24284801e-02  1.71697006e-01 -5.97990865e-01  4.99479132e-01\n",
            "  -6.46298300e-02 -1.22041118e-01  1.15208721e-01  1.19963053e-01\n",
            "   8.39162287e-02 -9.80344557e-02  2.57866721e-01  5.98159128e-02]\n",
            " [ 1.95735926e-02 -4.99254895e-02  1.97534882e-02 -1.90437076e-05\n",
            "  -8.27838640e-03 -2.14661159e-01 -2.04330938e-02 -1.96059707e-02\n",
            "  -4.90791337e-03  6.12976612e-01 -8.34577953e-02  7.08641057e-01\n",
            "  -2.26153487e-01  3.15849090e-02  1.06304853e-01  3.79311970e-02]\n",
            " [ 1.11423020e-01 -3.80642219e-01 -1.20001224e-02  5.07654807e-03\n",
            "   4.95924901e-03 -2.73809522e-01 -2.36199394e-01 -4.29686235e-01\n",
            "  -4.52021662e-01  5.16687274e-02 -1.53424478e-01 -2.93541122e-01\n",
            "  -1.95176360e-01  4.00379988e-01  8.40178178e-02  7.03870279e-02]\n",
            " [ 4.80092176e-02 -1.71249441e-01 -6.61574302e-02 -2.97882266e-03\n",
            "  -1.39377922e-03 -4.09208698e-01 -3.19971029e-02 -5.90098509e-03\n",
            "   1.95303531e-01  2.46832679e-01 -2.29964054e-01 -1.12032848e-01\n",
            "   7.89678228e-01 -6.49069002e-02 -5.06968633e-02 -2.43162567e-02]\n",
            " [ 6.80469194e-03  4.39493138e-02 -1.66204722e-03 -2.34560073e-03\n",
            "  -2.93915492e-03  7.85747290e-02  2.98510909e-03 -2.78401971e-02\n",
            "   4.20919591e-02  5.06224197e-01  7.66727470e-01 -3.24028409e-01\n",
            "   7.70341572e-02  9.87385160e-02  1.15314103e-01  1.05670635e-01]\n",
            " [ 5.84627393e-02 -1.29799772e-02 -1.65926562e-02  1.99263013e-03\n",
            "  -1.61520259e-03  4.21529496e-01 -6.55168403e-03  9.69242423e-03\n",
            "  -6.45599159e-02  4.63323234e-01 -4.66316438e-01 -3.69042451e-01\n",
            "  -1.33261328e-01 -4.24164637e-01  2.18173380e-02  2.18352420e-01]\n",
            " [ 4.59875369e-01  2.32683432e-01  2.46068355e-03  2.65172173e-01\n",
            "   7.68985207e-01 -1.11386280e-01 -3.48700418e-03  8.44215179e-03\n",
            "  -4.91920870e-02 -4.29367453e-02  2.46303815e-02  2.13310753e-02\n",
            "   1.73449288e-03 -3.39574892e-02 -8.12027373e-02  2.17133709e-01]\n",
            " [ 4.67969257e-01  2.50936949e-01 -2.95829438e-02 -7.91287809e-01\n",
            "  -1.62094730e-01 -1.34636517e-01  1.01107118e-02 -2.47386348e-02\n",
            "   2.54360829e-02 -5.24336518e-02 -2.00090053e-05 -1.15182673e-02\n",
            "  -3.70037382e-02 -1.63124885e-02 -1.54747807e-02  2.01256451e-01]\n",
            " [ 4.59428000e-01  2.49070773e-01 -4.63972489e-02  5.50703127e-01\n",
            "  -6.00472408e-01 -1.38492746e-01  1.32413690e-02 -3.31948203e-02\n",
            "   7.72084656e-02 -5.13068991e-02 -9.58250472e-03 -2.87133119e-02\n",
            "  -5.18217862e-02 -5.45870776e-03  2.65985679e-02  1.65848841e-01]\n",
            " [ 3.37249967e-01  1.15379475e-01 -1.65257226e-01 -1.21743784e-02\n",
            "   5.24718522e-02  6.83072973e-02 -3.96745594e-02  3.57742561e-02\n",
            "   2.29273909e-02  1.66561806e-01 -6.73183877e-02 -1.22212660e-01\n",
            "  -8.73375285e-02  5.67186699e-02  7.68473831e-02 -8.77913577e-01]\n",
            " [-9.92712874e-02 -6.34112748e-02 -6.87797221e-01 -5.22789408e-03\n",
            "   1.11061043e-01 -5.43026703e-02 -3.81854548e-02 -1.11625464e-01\n",
            "   4.74605103e-01 -9.29533213e-02 -5.79702557e-02 -5.54114110e-02\n",
            "  -1.72165924e-01  4.96382450e-02  4.35308779e-01  1.48020513e-01]\n",
            " [ 1.45687024e-01  8.90206889e-03  6.44218992e-02 -1.92465871e-03\n",
            "   4.43899905e-03  5.52562056e-01  7.99926378e-02 -1.47658163e-02\n",
            "   1.92732420e-01  7.16986417e-02 -1.92749705e-01  1.22885741e-01\n",
            "   2.39193521e-01  7.04169398e-01 -2.40267425e-02  1.19981563e-01]]\n",
            "\n",
            "Eigenvalues \n",
            "[3.48003121 2.73192103 1.41352534 0.01572441 0.10536474 1.2487237\n",
            " 0.23384564 0.41327181 0.47858412 1.04016321 1.00461109 0.961239\n",
            " 0.8726972  0.81343897 0.58815926 0.59869929]\n"
          ],
          "name": "stdout"
        }
      ]
    },
    {
      "metadata": {
        "id": "U81e2JyAFvy8",
        "colab_type": "code",
        "colab": {
          "base_uri": "https://localhost:8080/",
          "height": 238
        },
        "outputId": "9c9543c6-447a-4274-bf6f-885aaa1d95d8"
      },
      "cell_type": "code",
      "source": [
        "from sklearn.decomposition import PCA\n",
        "\n",
        "pca = PCA()  \n",
        "X_train = pca.fit_transform(X_train)  \n",
        "\n",
        "X_train"
      ],
      "execution_count": 19,
      "outputs": [
        {
          "output_type": "execute_result",
          "data": {
            "text/plain": [
              "array([[-2.54614213,  0.33030417,  1.07824416, ...,  0.07536179,\n",
              "         0.11657876,  0.04103145],\n",
              "       [-2.32801817, -0.09340613,  1.21382406, ..., -0.06611719,\n",
              "        -0.07582977, -0.14577859],\n",
              "       [-0.6502645 , -0.7464731 ,  1.65517905, ..., -0.31088006,\n",
              "        -0.02399796,  0.16258189],\n",
              "       ...,\n",
              "       [ 0.97930551, -1.11897342, -1.49038888, ...,  0.15539353,\n",
              "         0.37145673,  0.11241222],\n",
              "       [ 0.94424083, -1.75579595, -1.41986521, ..., -0.37794995,\n",
              "         0.06021789, -0.02286355],\n",
              "       [ 1.28860514, -2.07603748, -1.19513007, ...,  0.08102959,\n",
              "         0.23676064, -0.0106764 ]])"
            ]
          },
          "metadata": {
            "tags": []
          },
          "execution_count": 19
        }
      ]
    },
    {
      "metadata": {
        "id": "1GmqbVOtF_nN",
        "colab_type": "code",
        "colab": {
          "base_uri": "https://localhost:8080/",
          "height": 85
        },
        "outputId": "bc9b2473-aa45-4e58-da65-73d9b6611dfe"
      },
      "cell_type": "code",
      "source": [
        "explained_variance = pca.explained_variance_ratio_  \n",
        "explained_variance"
      ],
      "execution_count": 20,
      "outputs": [
        {
          "output_type": "execute_result",
          "data": {
            "text/plain": [
              "array([0.21750195, 0.17074506, 0.08834533, 0.07804523, 0.0650102 ,\n",
              "       0.06278819, 0.06007744, 0.05454357, 0.05083994, 0.03741871,\n",
              "       0.03675995, 0.02991151, 0.02582949, 0.01461535, 0.0065853 ,\n",
              "       0.00098278])"
            ]
          },
          "metadata": {
            "tags": []
          },
          "execution_count": 20
        }
      ]
    },
    {
      "metadata": {
        "id": "pF9z8FqLJOBJ",
        "colab_type": "code",
        "colab": {
          "base_uri": "https://localhost:8080/",
          "height": 136
        },
        "outputId": "2fb0f871-29c8-4364-8ef1-e18a3e466398"
      },
      "cell_type": "code",
      "source": [
        "from sklearn.decomposition import PCA\n",
        "\n",
        "pca = PCA(n_components=1)  \n",
        "X_train = pca.fit_transform(X_train)  \n",
        "\n",
        "X_train"
      ],
      "execution_count": 21,
      "outputs": [
        {
          "output_type": "execute_result",
          "data": {
            "text/plain": [
              "array([[-2.54614355],\n",
              "       [-2.32801902],\n",
              "       [-0.65026557],\n",
              "       ...,\n",
              "       [ 0.97930542],\n",
              "       [ 0.94424078],\n",
              "       [ 1.28860591]])"
